  dataset    a_L_S    v_L_S   t0_L_S      st0    a_H_S    v_H_S   t0_H_S    a_M_S    v_M_S   t0_M_S    a_H_A    v_H_A   t0_H_A    a_L_A    v_L_A   t0_L_A    a_M_A    v_M_A   t0_M_A  penalty      fit     time   method
 10_sternbergfdminput   1.5594   4.5068   0.3413   0.1462   0.9195  -0.8152   0.4116   1.0360   2.9348   0.3828   0.8970  -0.0991   0.4165   0.9642   4.2164   0.3252   1.2740   4.5660   0.3561   0.0000 -184.0131  21.1270       ML
 11_sternbergfdminput   0.8567   3.1915   0.4429   0.2945   0.8446  -0.7574   0.5286   2.4063   5.8385   0.4065   0.7344  -0.8232   0.5135   0.9837   2.4470   0.3657   0.8859   3.1168   0.4558   0.0000 -98.5351  35.2640       ML
 12_sternbergfdminput   0.7608   3.1754   0.4078   0.2966   0.7926   0.4023   0.5412   0.8441   2.7959   0.4923   0.6685  -0.1423   0.4803   1.3773   3.0834   0.2508   1.6998   3.7139   0.4089   0.0000 -87.0266  34.5750       ML
 13_sternbergfdminput   1.3089   2.8773   0.3161   0.2947   0.8562  -0.9584   0.4663   0.7951   3.1912   0.4528   0.7675  -0.9983   0.5869   1.2490   3.3781   0.3691   0.9118   3.1290   0.4743   0.0000 -84.3259  23.0010       ML
 15_sternbergfdminput   0.7556   5.0887   0.3709   0.2533   0.6524  -0.0653   0.4715   0.5373   5.1001   0.4657   0.8879  -0.8231   0.3687   0.9003   3.0901   0.3330   1.0874   3.6440   0.3938   0.0000 -158.9867  30.2010       ML
 19_sternbergfdminput   0.8012   7.5906   0.3391   0.1681   1.4080   4.8025   0.3232   0.7065   4.5100   0.4126   0.7835  -0.7269   0.3897   0.8043   4.8526   0.3121   1.1751   3.4545   0.3612   0.0000 -275.1481  22.1990       ML
 20_sternbergfdminput   5.3654   8.3359   0.3397   0.2855   0.9066   0.1109   0.5136   0.9424   2.3709   0.5199   0.9832   3.8204   0.5573   1.3305   4.0340   0.3578   1.3004   3.0065   0.3724   0.0000 -104.7777  28.2420       ML
 21_sternbergfdminput   1.2788   7.1325   0.3187   0.1338   1.4576   2.9735   0.3181   1.1399   3.2495   0.3410   0.7576  -0.5902   0.3939   0.8080   3.7649   0.3589   0.8278   2.6975   0.3916   0.0000 -228.9096  20.1180       ML
 22_sternbergfdminput   1.3017   3.1412   0.3709   0.2808   1.0159   2.7319   0.4737   1.0236   3.1626   0.5051   0.8444   3.7044   0.5598   1.1978   3.0785   0.3191   0.8128   3.8556   0.5133   0.0000 -158.2597  28.8020       ML
 23_sternbergfdminput   1.7081   4.4241   0.3905   0.1413   1.0897   2.8380   0.5512   0.9712   3.3270   0.4301   1.1228   2.1722   0.4459   2.4685   6.3151   0.3723   1.2558   2.9912   0.4682   0.0000 -215.0745  20.5480       ML
 24_sternbergfdminput   1.0434   3.5506   0.3569   0.1522   1.0587   2.8685   0.5215   1.2798   2.2095   0.3913   1.0602   2.2671   0.4745   2.3981   5.8295   0.3693   0.9753   2.5532   0.4393   0.0000 -177.3301  21.6630       ML
 26_sternbergfdminput   1.3726   1.6266   0.2847   0.3293   1.3743   1.5799   0.3172   0.7692   4.8660   0.6494   0.8495   3.1257   0.5782   1.7241   5.0539   0.3549   0.9524   3.2632   0.5136   0.0000 -88.9624  35.6140       ML
 27_sternbergfdminput   0.8336   3.8220   0.2910   0.1339   1.0182   3.4299   0.3990   0.8848   3.0611   0.3520   1.3406   3.1487   0.3564   1.0893   4.8256   0.3063   1.0934   3.2612   0.3535   0.0000 -260.3111  14.1700       ML
 29_sternbergfdminput   0.8998   4.3284   0.3795   0.1493   1.4875   3.0972   0.4662   1.1763   2.7386   0.3897   1.6862   2.8882   0.4440   1.2049   4.8027   0.4118   1.1003   3.6197   0.4793   0.0000 -223.1315  19.1700       ML
 2_sternbergfdminput   0.9117   3.4341   0.3536   0.1946   0.8608  -0.6105   0.4452   1.5837   4.1721   0.4087   0.9142  -1.2168   0.4218   1.3810   3.0460   0.2685   0.9794   3.2457   0.4176   0.0000 -119.5428  22.9590       ML
 31_sternbergfdminput   0.9014   6.9534   0.3549   0.1166   1.2608   2.9726   0.3852   0.9417   2.8451   0.4137   1.0383   2.7267   0.4281   2.0942   3.7989   0.2219   0.9983   3.4708   0.3956   0.0000 -254.8346  17.6130       ML
 32_sternbergfdminput   0.8814   3.5574   0.3524   0.2490   1.1096   2.4425   0.4006   0.9153   2.9793   0.4341   0.7878   2.9637   0.5247   0.9915   3.7583   0.3523   1.2231   4.3749   0.3910   0.0000 -167.1925  28.1050       ML
 33_sternbergfdminput   1.1588   3.0582   0.3120   0.1886   0.9044   2.2384   0.5102   0.9712   4.3639   0.4352   1.0146   1.7111   0.4661   0.7168   5.6202   0.3652   1.3538   3.8430   0.4547   0.0000 -189.2423  16.9290       ML
 34_sternbergfdminput   1.2666   4.6372   0.4027   0.1824   0.9309   3.2978   0.5132   1.2147   3.1866   0.4713   1.0869   2.9045   0.4334   0.8492   4.5985   0.3616   0.9729   3.8839   0.4196   0.0000 -235.1913  20.6520       ML
 4_sternbergfdminput   1.0863   3.5378   0.2922   0.1254   0.8977  -0.7735   0.3587   0.8956   3.1847   0.3772   0.6903  -1.1124   0.4390   0.9199   3.7608   0.3379   0.9830   2.3439   0.3096   0.0000 -186.5702  11.3740       ML
 5_sternbergfdminput   0.8222   3.5801   0.3232   0.1912   0.8647   0.0068   0.4869   0.9275   2.6756   0.3683   1.1868  -0.4141   0.4867   1.3677   3.8457   0.3851   1.1227   3.2114   0.4524   0.0000 -129.2842  17.0960       ML
 6_sternbergfdminput   1.1186   4.9072   0.3073   0.1174   0.8733  -0.8493   0.4291   0.9368   2.8588   0.3643   0.8584  -0.7479   0.4071   0.8167   4.6930   0.3733   0.8932   4.2634   0.4178   0.0000 -228.1407  15.1240       ML
 7_sternbergfdminput   1.1193   5.1615   0.3421   0.2213   0.7185  -0.8431   0.5000   0.8571   3.4210   0.4478   0.8456  -0.7064   0.4526   0.9522   4.0183   0.3829   0.8050   4.7405   0.4627   0.0000 -188.7756  19.8550       ML
 8_sternbergfdminput   0.7559   1.7335   0.3255   0.2216   0.6267  -0.8029   0.4624   0.9226   4.0529   0.4163   0.6871  -1.1753   0.4734   0.8531   4.3969   0.4309   2.5464   8.0344   0.4035   0.0000 -185.8155  30.0200       ML
