  dataset    a_L_S    v_L_S     t0_S      st0    a_H_S    v_H_S    a_M_S    v_M_S    a_H_A    v_H_A     t0_A    a_L_A    v_L_A    a_M_A    v_M_A  penalty      fit     time   method
 10_sternbergfdminput   1.0473   4.0816   0.3884   0.1494   1.0147  -0.8063   1.0110   2.9533   1.1051  -0.0882   0.3387   0.8493   4.2046   1.5086   4.8226   0.0000 -171.6453  15.5440       ML
 11_sternbergfdminput   0.8130   3.2154   0.4510   0.2750   1.0365  -0.6495   1.5255   4.8039   1.0099  -0.6440   0.4084   0.8325   2.6069   1.0558   2.8119   0.0000 -83.3043  38.7530       ML
 12_sternbergfdminput   0.5415   4.2853   0.4718   0.3536   0.9639   0.3514   0.9091   2.7032   1.0615  -0.0982   0.3091   1.0929   3.2467   3.2745   4.9590   0.0000 -63.3272  25.2590       ML
 13_sternbergfdminput   0.8615   3.3005   0.4110   0.3950   0.9788  -0.8544   0.8923   2.8577   0.9435  -0.7650   0.4911   0.7920   4.2903   0.8551   3.3484   0.0000 -60.6889  32.9740       ML
 15_sternbergfdminput   0.5117   6.9697   0.4348   0.2878   0.7707  -0.1117   0.6753   4.2918   0.9019  -0.8245   0.3632   0.7588   3.4459   1.3014   3.6659   0.0000 -145.5347  35.4690       ML
 19_sternbergfdminput   0.6908   7.4290   0.3454   0.1518   1.0712   3.7425   1.1332   3.8341   1.0082  -0.6524   0.3209   0.7128   4.7780   1.4636   3.3477   0.0000 -252.0841  12.9130       ML
 20_sternbergfdminput   1.7705   5.3337   0.4940   0.2607   0.9610   0.1014   1.0226   2.2084   2.0877   3.4660   0.3809   1.1294   3.9150   1.2248   2.9418   0.0000 -96.1558  14.8380       ML
 21_sternbergfdminput   1.1775   6.8444   0.3222   0.1304   1.4219   2.8570   1.2690   3.1323   0.8357  -0.5930   0.3752   0.7154   3.8724   0.9003   2.6074   0.0000 -220.7711  12.7050       ML
 22_sternbergfdminput   1.0021   3.3307   0.4271   0.3198   1.2058   2.5988   1.4240   2.9684   1.5819   2.8413   0.3873   0.9325   3.3023   1.3630   3.0633   0.0000 -125.3558  26.7740       ML
 23_sternbergfdminput   1.1040   4.1352   0.4515   0.1769   1.6294   2.7695   0.8818   3.5445   1.0908   2.2373   0.4572   1.1261   5.1486   1.3592   3.0863   0.0000 -206.7901  16.5340       ML
 24_sternbergfdminput   0.8564   3.7696   0.3947   0.1840   1.7512   2.7819   1.2854   2.2639   1.1415   2.2634   0.4565   1.1022   4.6597   0.9185   2.6698   0.0000 -165.7184  12.5790       ML
 26_sternbergfdminput   1.0996   1.9001   0.3818   0.4299   1.1961   1.7337   2.1952   3.3790   1.1672   2.5758   0.4760   0.8166   5.9316   1.0917   3.1180   0.0000 -59.8463  32.1890       ML
 27_sternbergfdminput   0.7604   4.0349   0.3070   0.1660   1.5560   3.3228   1.1149   3.0469   1.3706   3.1568   0.3600   0.7653   5.6902   1.0808   3.0213   0.0000 -238.4052  14.0340       ML
 29_sternbergfdminput   0.8579   4.2560   0.3827   0.1356   2.2187   3.3925   1.2059   2.7176   1.7971   2.9168   0.4288   0.9925   4.5424   1.4915   3.6704   0.0000 -218.6670  14.7370       ML
 2_sternbergfdminput   0.6965   4.1211   0.4226   0.2534   0.9162  -0.5924   1.6773   4.6796   1.1412  -1.0741   0.3346   0.9960   3.1390   1.4204   3.0590   0.0000 -97.0381  24.1410       ML
 31_sternbergfdminput   0.6293   7.5701   0.3850   0.1441   1.3009   3.0788   1.0800   2.7789   1.6639   2.6133   0.3195   1.0965   3.0680   1.5574   3.4759   0.0000 -225.9105  14.9200       ML
 32_sternbergfdminput   0.7930   3.6550   0.3672   0.2459   1.2483   2.3729   1.1805   2.6636   1.2395   2.2564   0.3904   0.8288   4.0523   1.1955   3.9756   0.0000 -150.7615  16.7920       ML
 33_sternbergfdminput   0.8259   3.1061   0.3683   0.2433   1.3181   1.7640   1.3673   3.8718   1.1784   1.2583   0.3926   0.5634   5.0455   1.7648   3.6986   0.0000 -159.3321  18.9500       ML
 34_sternbergfdminput   0.9123   4.5737   0.4432   0.1881   1.3045   2.8934   1.4275   3.1439   1.3798   2.8089   0.3761   0.7427   4.7276   1.2765   3.8188   0.0000 -220.7492  14.4260       ML
 4_sternbergfdminput   0.8285   3.6848   0.3357   0.1764   0.9934  -0.7973   1.0803   2.9739   0.9562  -0.9727   0.3464   0.7287   4.0814   0.8947   2.3485   0.0000 -145.7133  18.6090       ML
 5_sternbergfdminput   0.5932   4.3617   0.3832   0.1920   1.1173   0.0249   0.8399   2.8886   1.2392  -0.3582   0.4300   1.1295   4.0635   1.4037   3.5116   0.0000 -113.1878  30.7930       ML
 6_sternbergfdminput   0.8655   4.1677   0.3301   0.1202   1.2068  -0.6219   1.1334   2.6878   0.9343  -0.7417   0.3882   0.7078   4.8072   1.1527   4.3079   0.0000 -195.9192  10.6400       ML
 7_sternbergfdminput   0.5758   7.8868   0.4268   0.2651   0.8976  -0.7806   0.9878   3.4984   0.8468  -0.6403   0.4465   0.6542   5.7170   0.8446   3.9832   0.0000 -165.6361  24.3920       ML
 8_sternbergfdminput   0.7142   1.6251   0.3440   0.2359   0.9647  -0.5891   1.3170   3.7188   0.7457  -1.0378   0.4590   0.7362   4.8272   1.1511   5.2601   0.0000 -154.8324  27.3970       ML
