 dataset    a_L_S    v_L_S   t0_L_S      st0    a_H_S    v_H_S   t0_H_S    a_M_S    v_M_S   t0_M_S    a_H_A    v_H_A   t0_H_A    a_L_A    v_L_A   t0_L_A    a_M_A    v_M_A   t0_M_A  penalty      fit     time   method
 10_sternbergfdminput   1.5675   4.5058   0.3404   0.1448   0.9462  -0.8258   0.4093   1.0373   2.9310   0.3824   0.8987  -0.0993   0.4159   0.9677   4.2099   0.3247   1.2713   4.5574   0.3560   0.0000 -182.1816  20.9010       ML
 11_sternbergfdminput   0.8567   3.1915   0.4429   0.2945   0.8446  -0.7574   0.5286   2.4063   5.8385   0.4065   0.7344  -0.8232   0.5135   0.9837   2.4470   0.3657   0.8859   3.1168   0.4558   0.0000 -98.5351  33.3730       ML
 12_sternbergfdminput   0.7608   3.1754   0.4078   0.2966   0.7926   0.4023   0.5412   0.8441   2.7959   0.4923   0.6685  -0.1423   0.4803   1.3773   3.0834   0.2508   1.6998   3.7139   0.4089   0.0000 -87.0266  33.2270       ML
 13_sternbergfdminput   1.3089   2.8773   0.3161   0.2947   0.8562  -0.9584   0.4663   0.7951   3.1912   0.4528   0.7675  -0.9983   0.5869   1.2490   3.3781   0.3691   0.9118   3.1290   0.4743   0.0000 -84.3259  22.5880       ML
 15_sternbergfdminput   0.7611   5.0510   0.3690   0.2505   0.6917  -0.1230   0.4657   0.5469   5.0202   0.4641   0.8905  -0.8206   0.3679   0.9083   3.0707   0.3310   1.0908   3.6305   0.3928   0.0000 -156.6504  30.7380       ML
 19_sternbergfdminput   0.7896   7.4107   0.3373   0.1585   1.3880   3.9364   0.3098   0.7411   4.3393   0.4060   0.8283  -0.7295   0.3823   0.8245   4.7217   0.3072   1.2463   3.3010   0.3501   0.0000 -264.7973  21.5540       ML
 20_sternbergfdminput   5.3654   8.3359   0.3397   0.2855   0.9066   0.1109   0.5136   0.9424   2.3709   0.5199   0.9832   3.8204   0.5573   1.3305   4.0340   0.3578   1.3004   3.0065   0.3724   0.0000 -104.7777  27.0110       ML
 21_sternbergfdminput   1.2756   7.0648   0.3179   0.1313   1.4875   2.8885   0.3141   1.1793   3.1141   0.3356   0.7876  -0.6117   0.3904   0.8115   3.7542   0.3580   0.8320   2.6847   0.3902   0.0000 -223.1345  19.0880       ML
 22_sternbergfdminput   1.3017   3.1412   0.3709   0.2808   1.0159   2.7319   0.4737   1.0236   3.1626   0.5051   0.8444   3.7044   0.5598   1.1978   3.0785   0.3191   0.8128   3.8556   0.5133   0.0000 -158.2597  27.1280       ML
 23_sternbergfdminput   1.7081   4.4241   0.3905   0.1413   1.0897   2.8380   0.5512   0.9712   3.3270   0.4301   1.1228   2.1722   0.4459   2.4685   6.3151   0.3723   1.2558   2.9912   0.4682   0.0000 -215.0745  20.8390       ML
 24_sternbergfdminput   1.0434   3.5506   0.3569   0.1522   1.0587   2.8685   0.5215   1.2798   2.2095   0.3913   1.0602   2.2671   0.4745   2.3981   5.8295   0.3693   0.9753   2.5532   0.4393   0.0000 -177.3301  22.4370       ML
 26_sternbergfdminput   1.3726   1.6266   0.2847   0.3293   1.3743   1.5799   0.3172   0.7692   4.8660   0.6494   0.8495   3.1257   0.5782   1.7241   5.0539   0.3549   0.9524   3.2632   0.5136   0.0000 -88.9624  35.3180       ML
 27_sternbergfdminput   0.9434   3.5635   0.2626   0.1345   1.0027   3.3265   0.3991   0.8836   3.0194   0.3527   1.3528   3.0171   0.3552   1.0718   5.0811   0.3117   1.1568   2.9633   0.3433   0.0000 -250.3631  19.3890       ML
 29_sternbergfdminput   0.8998   4.3284   0.3795   0.1493   1.4875   3.0972   0.4662   1.1763   2.7386   0.3897   1.6862   2.8882   0.4440   1.2049   4.8027   0.4118   1.1003   3.6197   0.4793   0.0000 -223.1315  19.2550       ML
 2_sternbergfdminput   0.9117   3.4341   0.3536   0.1946   0.8608  -0.6105   0.4452   1.5837   4.1721   0.4087   0.9142  -1.2168   0.4218   1.3810   3.0460   0.2685   0.9794   3.2457   0.4176   0.0000 -119.5428  22.8670       ML
 31_sternbergfdminput   0.7964   6.1579   0.3549   0.1243   1.1725   3.5043   0.4303   1.0376   2.7892   0.3925   1.0107   2.8499   0.4338   1.4796   3.4938   0.2815   0.9802   3.4593   0.3996   0.0000 -255.1708  10.5750       ML
 32_sternbergfdminput   0.8838   3.5491   0.3519   0.2476   1.1114   2.4405   0.4000   0.9185   2.9691   0.4331   0.7895   2.9568   0.5242   0.9916   3.7520   0.3520   1.2981   3.9909   0.3767   0.0000 -164.0036  25.0220       ML
 33_sternbergfdminput   1.1588   3.0582   0.3120   0.1886   0.9044   2.2384   0.5102   0.9712   4.3639   0.4352   1.0146   1.7111   0.4661   0.7168   5.6202   0.3652   1.3538   3.8430   0.4547   0.0000 -189.2423  16.4260       ML
 34_sternbergfdminput   1.2791   4.6140   0.4004   0.1784   1.0281   2.9991   0.4984   1.2641   3.0773   0.4647   1.0972   2.8870   0.4306   0.8594   4.5680   0.3600   0.9781   3.8619   0.4182   0.0000 -229.7681  21.8970       ML
 4_sternbergfdminput   1.0597   3.5300   0.2885   0.1177   0.9520  -0.7093   0.3482   0.8830   3.1726   0.3757   0.6965  -1.1805   0.4371   0.9100   4.5512   0.3340   1.0105   2.1630   0.3025   0.0000 -180.3883  16.7460       ML
 5_sternbergfdminput   0.8222   3.5801   0.3232   0.1912   0.8647   0.0068   0.4869   0.9275   2.6756   0.3683   1.1868  -0.4141   0.4867   1.3677   3.8457   0.3851   1.1227   3.2114   0.4524   0.0000 -129.2842  17.2770       ML
 6_sternbergfdminput   1.1459   4.3094   0.2990   0.1122   0.9617  -0.6947   0.4202   0.9831   2.7213   0.3585   0.8912  -0.7543   0.4016   0.8236   4.6524   0.3716   0.9037   4.2367   0.4159   0.0000 -210.1516  12.5710       ML
 7_sternbergfdminput   1.0522   5.9113   0.3565   0.2153   0.7297  -0.9056   0.4934   0.8344   3.7370   0.4619   0.9314  -0.5968   0.4166   0.8708   4.4128   0.3938   0.7904   3.9102   0.4550   0.0000 -178.2222  26.0700       ML
 8_sternbergfdminput   0.8077   1.7129   0.3217   0.2196   0.6463  -0.6511   0.4584   0.9559   4.3022   0.4115   0.6696  -0.9986   0.4958   0.9132   4.5433   0.4269   1.5851   5.6964   0.4294   0.0000 -177.8483  28.5730       ML